0.0 0.48775510204081635 0.44693877551020406 0.6193877551020408 0.5551020408163265 0.539795918367347 0.29591836734693877 0.5989795918367347
0.48775510204081635 0.0 0.4744897959183674 0.6010204081632653 0.32551020408163267 0.5581632653061225 0.30714285714285716 0.5918367346938775
0.44693877551020406 0.4744897959183674 0.0 0.4744897959183674 0.5551020408163265 0.2897959183673469 0.3010204081632653 0.4530612244897959
0.6193877551020408 0.6010204081632653 0.4744897959183674 0.0 0.6438775510204081 0.32653061224489793 0.5561224489795918 0.49387755102040815
0.5551020408163265 0.32551020408163267 0.5551020408163265 0.6438775510204081 0.0 0.613265306122449 0.46938775510204084 0.6530612244897959
0.539795918367347 0.5581632653061225 0.2897959183673469 0.32653061224489793 0.613265306122449 0.0 0.4673469387755102 0.3153061224489796
0.29591836734693877 0.30714285714285716 0.3010204081632653 0.5561224489795918 0.46938775510204084 0.4673469387755102 0.0 0.5357142857142857
0.5989795918367347 0.5918367346938775 0.4530612244897959 0.49387755102040815 0.6530612244897959 0.3153061224489796 0.5357142857142857 0.0